0 0.25730
1 0.25546
2 0.25492
3 0.25537
4 0.25742
5 0.25589
6 0.25532
7 0.25519
8 0.25590
9 0.25549
10 0.25664
11 0.25484
12 0.25504
13 0.25692
14 0.25606
15 0.25658
16 0.25678
17 0.25703
18 0.25551
19 0.25495
20 0.25535
21 0.25608
22 0.25486
23 0.25565
24 0.25611
25 0.25604
26 0.25719
27 0.25697
28 0.25686
0 0.25534
1 0.25585
2 0.25693
3 0.25474
4 0.25595
5 0.25459
6 0.25531
7 0.25523
8 0.25557
9 0.25542
10 0.25550
11 0.25563
12 0.25513
13 0.25749
0 0.25522
1 0.25561
2 0.25547
3 0.25536
4 0.25488
5 0.25691
6 0.25514
7 0.25617
8 0.25476
9 0.25743
10 0.25533
11 0.25555
12 0.25534
13 0.25508
14 0.25498
15 0.25472
16 0.25556
17 0.25549
18 0.25586
19 0.25633
20 0.25562
21 0.25701
22 0.25523
23 0.25675
24 0.25653
25 0.25609
26 0.25593
27 0.25668
28 0.25598
29 0.25636
30 0.25717
31 0.25713
32 0.25680
33 0.25581
34 0.25669
35 0.25755
36 0.25689
37 0.25655
38 0.25556
39 0.25748
40 0.25605
41 0.25666
42 0.25681
43 0.25587
44 0.25710
45 0.25738
46 0.25607
47 0.25684
48 0.25630
49 0.25626
50 0.25650
51 0.25677
52 0.25690
53 0.25661
54 0.25667
55 0.25637
56 0.25699
57 0.26113
58 0.25821
59 0.25573
60 0.25562
61 0.25639
62 0.25649
63 0.25597
64 0.25601
65 0.25526
66 0.25558
67 0.25619
68 0.25604
69 0.25622
70 0.25555
71 0.25485
72 0.25496
73 0.25614
74 0.25596
75 0.25578
76 0.25567
77 0.25529
78 0.25508
79 0.25493
80 0.25500
81 0.25485
82 0.25479
83 0.25540
84 0.25553
85 0.25509
86 0.25496
87 0.25533
88 0.25555
89 0.25508
90 0.25507
91 0.25491
92 0.25518
93 0.25566
94 0.25505
95 0.25531
96 0.25510
97 0.25582
98 0.25493
99 0.25640
100 0.25529
101 0.25509
102 0.25504
103 0.25559
104 0.25502
105 0.25496
106 0.25510
107 0.25509
108 0.25513
109 0.25520
110 0.25483
111 0.25508
112 0.25552
113 0.25556
114 0.25492
115 0.25496
116 0.25503
117 0.25501
118 0.25494
119 0.25493
120 0.25513
121 0.25546
122 0.25527
123 0.25530
124 0.25540
125 0.25520
126 0.25539
127 0.25501
128 0.25503
129 0.25507
130 0.25511
131 0.25538
132 0.25638
133 0.25511
134 0.25512
135 0.25473
136 0.25545
137 0.25543
138 0.25519
139 0.25524
140 0.25514
141 0.25555
142 0.25588
143 0.25550
144 0.25493
145 0.25534
146 0.25627
147 0.25545
148 0.25505
149 0.25559
150 0.25586
151 0.25577
152 0.25530
153 0.25571
154 0.25494
155 0.25520
156 0.25504
157 0.25531
158 0.25485
159 0.25542
160 0.25537
161 0.25527
162 0.25550
163 0.25542
164 0.25574
165 0.25526
166 0.25547
167 0.25518
168 0.25493
169 0.25516
170 0.25558
171 0.25530
172 0.25576
173 0.25511
174 0.25506
175 0.25510
176 0.25517
177 0.25523
178 0.25559
179 0.25506
180 0.25577
181 0.25554
182 0.25579
183 0.25512
184 0.25539
185 0.25519
186 0.25550
187 0.25594
188 0.25574
